n	10
m	11
j	a	b	d	k
0	93	61	64	4
1	78	72	71	8
2	76	91	28	4
3	57	54	23	1
4	90	83	92	5
5	42	36	9	2
6	72	97	79	1
7	18	38	61	11
8	17	51	53	10
9	43	25	12	11
K
0	18	11	47	25	6	54	25	40	22	19	
18	0	9	45	43	24	52	23	22	40	17	
11	9	0	36	34	15	43	14	31	31	8	
47	45	36	0	34	45	15	24	47	47	28	
25	43	34	34	0	19	41	42	65	13	30	
6	24	15	45	19	0	52	23	46	16	17	
54	52	43	15	41	52	0	29	44	54	35	
25	23	14	24	42	23	29	0	23	39	12	
40	22	31	47	65	46	44	23	0	62	35	
22	40	31	47	13	16	54	39	62	0	27	
19	17	8	28	30	17	35	12	35	27	0	
