n	10
m	11
j	a	b	d	k
0	86	35	39	6
1	21	90	67	9
2	71	72	66	7
3	54	30	53	5
4	10	17	52	6
5	18	78	61	5
6	43	64	22	3
7	67	9	23	8
8	5	5	43	9
9	99	28	22	7
K
0	8	21	41	38	21	34	41	13	23	20
8	0	13	39	36	13	26	39	21	15	18
21	13	0	40	35	14	13	42	34	12	17
41	39	40	0	39	52	53	2	34	42	33
38	36	35	39	0	49	40	41	33	23	18
21	13	14	52	49	0	13	52	34	26	31
34	26	13	53	40	13	0	55	47	17	22
41	39	42	2	41	52	55	0	34	44	35
13	21	34	34	33	34	47	34	0	36	27
23	15	12	42	23	26	17	44	36	0	9
20	18	17	33	18	31	22	35	27	9	0
