n	10
m	11
j	a	b	d	k
0	39	19	110	6
1	39	52	604	2
2	22	34	84	2
3	47	28	6	1
4	72	14	604	0
5	83	49	489	9
6	60	51	155	2
7	42	90	69	5
8	74	33	624	10
9	39	64	604	2
K
0	18	11	24	27	13	37	21	37	11	49
18	0	17	30	45	29	19	39	55	23	43
11	17	0	35	28	24	36	22	38	22	38
24	30	35	0	41	11	45	43	49	13	73
27	45	28	41	0	30	64	6	10	28	32
13	29	24	11	30	0	48	32	38	6	62
37	19	36	45	64	48	0	58	74	42	32
21	39	22	43	6	32	58	0	16	30	30
37	55	38	49	10	38	74	16	0	36	42
11	23	22	13	28	6	42	30	36	0	60
49	43	38	73	32	62	32	30	42	60	0
