n	10
m	11
j	a	b	d	k
0	2	64	39	4
1	88	42	0	4
2	74	13	35	4
3	77	84	55	5
4	54	2	17	0
5	49	76	19	9
6	60	1	32	9
7	71	15	19	5
8	29	57	26	4
9	27	48	9	7
K
0	37	23	23	29	14	28	11	1	40	39
37	0	52	14	58	37	45	48	36	33	16
23	52	0	42	10	15	21	26	24	33	36
23	14	42	0	48	27	35	34	22	23	16
29	58	10	48	0	21	13	32	30	25	42
14	37	15	27	21	0	14	25	13	26	25
28	45	21	35	13	14	0	39	27	12	29
11	48	26	34	32	25	39	0	12	51	50
1	36	24	22	30	13	27	12	0	39	38
40	33	33	23	25	26	12	51	39	0	17
39	16	36	16	42	25	29	50	38	17	0
