n	10
m	11
j	a	b	d	k
0	51	1	89	9
1	67	14	39	10
2	8	45	31	8
3	74	51	12	7
4	97	26	79	11
5	100	75	66	3
6	18	13	9	3
7	61	32	56	3
8	69	28	30	2
9	67	15	32	11
K
0	42	77	35	11	21	37	43	15	28	27	
42	0	67	7	35	25	27	37	27	18	15	
77	67	0	72	66	92	40	34	70	49	58	
35	7	72	0	28	20	32	38	20	23	14	
11	35	66	28	0	26	26	32	8	21	20	
21	25	92	20	26	0	52	58	22	43	34	
37	27	40	32	26	52	0	24	30	9	18	
43	37	34	38	32	58	24	0	36	23	24	
15	27	70	20	8	22	30	36	0	21	12	
28	18	49	23	21	43	9	23	21	0	9	
27	15	58	14	20	34	18	24	12	9	0	
