n	10
m	11
j	a	b	d	k
0	32	96	826	9
1	32	96	251	3
2	32	96	539	10
3	32	96	208	3
4	32	96	5	6
5	32	96	191	9
6	32	96	41	1
7	32	96	985	10
8	32	96	963	6
9	32	96	766	3
K
0	67	31	26	45	48	9	14	41	35	6
67	0	36	49	22	47	66	65	36	42	63
31	36	0	13	42	77	30	29	66	64	35
26	49	13	0	39	74	17	16	63	61	32
45	22	42	39	0	35	44	43	24	22	41
48	47	77	74	35	0	57	62	21	13	42
9	66	30	17	44	57	0	5	46	44	15
14	65	29	16	43	62	5	0	51	49	20
41	36	66	63	24	21	46	51	0	16	37
35	42	64	61	22	13	44	49	16	0	29
6	63	35	32	41	42	15	20	37	29	0
