n	10
m	11
j	a	b	d	k
0	47	90	95	6
1	15	30	468	9
2	45	70	18	7
3	74	98	100	8
4	95	21	604	10
5	69	21	873	0
6	52	14	880	1
7	96	53	39	10
8	42	25	349	5
9	23	57	612	1
K
0	34	21	38	33	19	21	33	26	20	19
34	0	13	72	67	31	13	35	8	14	45
21	13	0	59	54	18	2	28	5	17	32
38	72	59	0	9	41	59	37	64	58	27
33	67	54	9	0	36	54	38	59	53	24
19	31	18	41	36	0	18	14	23	31	14
21	13	2	59	54	18	0	26	7	19	32
33	35	28	37	38	14	26	0	33	45	14
26	8	5	64	59	23	7	33	0	12	37
20	14	17	58	53	31	19	45	12	0	31
19	45	32	27	24	14	32	14	37	31	0
