n	10
m	11
j	a	b	d	k
0	67	10	670	4
1	67	10	106	1
2	67	10	742	2
3	67	10	786	9
4	67	10	598	7
5	67	10	203	3
6	67	10	641	7
7	67	10	578	8
8	67	10	200	9
9	67	10	259	8
K
0	18	30	22	21	13	19	55	35	21	41
18	0	38	38	25	29	37	63	43	7	35
30	38	0	42	13	33	41	25	47	31	19
22	38	42	0	41	9	23	33	13	41	61
21	25	13	41	0	32	40	38	46	18	20
13	29	33	9	32	0	14	42	22	32	52
19	37	41	23	40	14	0	56	36	40	60
55	63	25	33	38	42	56	0	28	56	38
35	43	47	13	46	22	36	28	0	46	66
21	7	31	41	18	32	40	56	46	0	28
41	35	19	61	20	52	60	38	66	28	0
