n	10
m	11
j	a	b	d	k
0	10	13	75	2
1	26	30	54	6
2	52	75	89	9
3	71	76	84	10
4	81	78	3	4
5	8	6	64	3
6	85	28	92	5
7	90	35	60	6
8	1	30	7	5
9	65	18	83	6
K
0	43	55	64	70	52	9	22	15	33	18
43	0	12	21	27	11	36	21	28	10	25
55	12	0	9	15	13	48	33	40	22	37
64	21	9	0	6	18	57	42	49	31	46
70	27	15	6	0	18	63	48	55	37	52
52	11	13	18	18	0	45	30	37	19	34
9	36	48	57	63	45	0	15	10	26	17
22	21	33	42	48	30	15	0	7	11	8
15	28	40	49	55	37	10	7	0	18	7
33	10	22	31	37	19	26	11	18	0	15
18	25	37	46	52	34	17	8	7	15	0
