n	10
m	11
j	a	b	d	k
0	75	71	0	3
1	63	86	36	4
2	34	89	11	9
3	65	25	5	10
4	92	70	78	8
5	91	17	97	3
6	30	2	14	11
7	22	18	74	3
8	34	89	77	10
9	76	11	35	5
K
0	67	27	25	44	35	60	47	41	75	17
67	0	48	42	49	32	15	24	26	10	50
27	48	0	18	71	42	41	46	22	56	10
25	42	18	0	53	24	35	28	16	50	8
44	49	71	53	0	29	42	29	61	57	61
35	32	42	24	29	0	25	12	32	40	32
60	15	41	35	42	25	0	13	27	15	43
47	24	46	28	29	12	13	0	36	28	36
41	26	22	16	61	32	27	36	0	34	24
75	10	56	50	57	40	15	28	34	0	58
17	50	10	8	61	32	43	36	24	58	0
