n	10
m	11
j	a	b	d	k
0	39	17	738	1
1	39	17	431	0
2	39	17	939	7
3	39	17	887	0
4	39	17	154	4
5	39	17	201	3
6	39	17	275	8
7	39	17	126	0
8	39	17	446	3
9	39	17	415	7
K
0	49	40	14	9	44	8	13	41	19	49
49	0	35	35	42	41	57	36	46	30	44
40	35	0	26	31	6	44	29	11	23	9
14	35	26	0	7	30	22	3	27	5	35
9	42	31	7	0	35	15	6	32	12	40
44	41	6	30	35	0	48	33	5	27	5
8	57	44	22	15	48	0	21	45	27	53
13	36	29	3	6	33	21	0	30	6	38
41	46	11	27	32	5	45	30	0	24	10
19	30	23	5	12	27	27	6	24	0	32
49	44	9	35	40	5	53	38	10	32	0
