n	10
m	11
j	a	b	d	k
0	38	54	57	0
1	11	40	97	4
2	94	46	25	10
3	54	93	72	1
4	48	31	95	8
5	87	6	30	1
6	58	17	33	9
7	51	84	42	0
8	10	17	22	4
9	73	50	1	1
K
0	14	72	32	78	19	58	40	42	77	42
14	0	58	18	64	21	44	34	40	63	28
72	58	0	40	8	53	14	38	44	5	30
32	18	40	0	46	19	26	36	42	45	10
78	64	8	46	0	59	20	38	38	9	36
19	21	53	19	59	0	39	55	61	58	23
58	44	14	26	20	39	0	38	44	19	16
40	34	38	36	38	55	38	0	6	39	44
42	40	44	42	38	61	44	6	0	45	50
77	63	5	45	9	58	19	39	45	0	35
42	28	30	10	36	23	16	44	50	35	0
