n	10
m	11
j	a	b	d	k
0	59	92	69	2
1	77	14	94	8
2	78	43	90	1
3	78	74	66	7
4	6	53	46	3
5	5	39	7	10
6	58	49	46	9
7	40	36	43	6
8	30	8	35	3
9	64	32	55	7
K
0	29	42	25	62	25	4	23	40	40	10
29	0	45	22	65	46	33	6	43	11	21
42	45	0	23	20	23	38	41	6	38	32
25	22	23	0	43	42	29	18	25	15	17
62	65	20	43	0	37	58	61	22	58	52
25	46	23	42	37	0	21	40	17	57	25
4	33	38	29	58	21	0	27	36	44	12
23	6	41	18	61	40	27	0	39	17	15
40	43	6	25	22	17	36	39	0	40	30
40	11	38	15	58	57	44	17	40	0	32
10	21	32	17	52	25	12	15	30	32	0
