n	10
m	11
j	a	b	d	k
0	21	33	266	5
1	21	33	899	2
2	21	33	624	4
3	21	33	710	1
4	21	33	219	10
5	21	33	200	6
6	21	33	249	8
7	21	33	713	3
8	21	33	572	7
9	21	33	319	5
K
0	34	54	25	22	38	38	36	30	24	44
34	0	44	9	40	72	42	2	40	58	78
54	44	0	35	76	62	16	46	84	48	52
25	9	35	0	41	63	33	11	49	49	69
22	40	76	41	0	32	60	42	8	28	38
38	72	62	63	32	0	46	74	38	14	10
38	42	16	33	60	46	0	44	68	32	36
36	2	46	11	42	74	44	0	38	60	80
30	40	84	49	8	38	68	38	0	36	44
24	58	48	49	28	14	32	60	36	0	20
44	78	52	69	38	10	36	80	44	20	0
