n	10
m	11
j	a	b	d	k
0	71	20	826	5
1	71	20	89	8
2	71	20	974	7
3	71	20	760	7
4	71	20	115	9
5	71	20	836	3
6	71	20	330	1
7	71	20	1023	4
8	71	20	158	8
9	71	20	775	3
K
0	9	30	36	55	65	32	42	36	78	43
9	0	21	29	46	56	25	33	27	69	36
30	21	0	18	29	35	14	12	6	48	25
36	29	18	0	47	51	14	10	18	46	7
55	46	29	47	0	10	43	37	29	23	54
65	56	35	51	10	0	47	41	33	25	58
32	25	14	14	43	47	0	24	18	60	19
42	33	12	10	37	41	24	0	8	36	17
36	27	6	18	29	33	18	8	0	42	25
78	69	48	46	23	25	60	36	42	0	41
43	36	25	7	54	58	19	17	25	41	0
