n	10
m	11
j	a	b	d	k
0	90	5	13	10
1	25	67	82	9
2	79	20	24	11
3	4	50	83	9
4	54	69	25	1
5	66	16	83	11
6	69	68	38	8
7	95	77	82	5
8	69	54	59	11
9	76	90	21	7
K
0	55	32	31	33	21	11	15	20	15	25
55	0	41	24	38	60	66	58	75	60	80
32	41	0	17	3	53	43	17	34	47	41
31	24	17	0	18	36	42	34	51	36	56
33	38	3	18	0	54	44	20	37	48	42
21	60	53	36	54	0	10	36	25	6	20
11	66	43	42	44	10	0	26	15	6	14
15	58	17	34	20	36	26	0	17	30	24
20	75	34	51	37	25	15	17	0	19	13
15	60	47	36	48	6	6	30	19	0	20
25	80	41	56	42	20	14	24	13	20	0
