n	10
m	11
j	a	b	d	k
0	40	45	18644	5
1	72	84	6109	9
2	14	76	16596	10
3	8	42	11313	1
4	49	95	32260	6
5	25	70	14524	7
6	16	46	29742	9
7	48	32	19059	8
8	96	52	2945	3
9	67	21	9136	7
K
0	61	47	21	28	61	58	44	18	28	85
61	0	14	44	33	18	5	17	43	33	24
47	14	0	30	19	14	17	23	29	19	38
21	44	30	0	11	44	41	39	23	11	68
28	33	19	11	0	33	30	30	14	10	57
61	18	14	44	33	0	23	29	43	33	24
58	5	17	41	30	23	0	14	40	34	27
44	17	23	39	30	29	14	0	26	40	41
18	43	29	23	14	43	40	26	0	24	67
28	33	19	11	10	33	34	40	24	0	57
85	24	38	68	57	24	27	41	67	57	0
