n	10
m	11
j	a	b	d	k
0	6	28	26	3
1	31	73	90	10
2	45	12	53	9
3	85	72	15	2
4	45	4	55	3
5	25	84	33	6
6	48	78	85	11
7	18	24	50	7
8	16	95	6	7
9	92	90	90	6
K
0	17	22	20	33	15	17	20	16	57	44	
17	0	13	17	36	14	34	21	25	60	47	
22	13	0	30	31	7	39	8	30	47	40	
20	17	30	0	53	31	25	38	36	77	64	
33	36	31	53	0	24	50	29	17	24	11	
15	14	7	31	24	0	32	7	23	46	33	
17	34	39	25	50	32	0	37	33	74	61	
20	21	8	38	29	7	37	0	28	39	38	
16	25	30	36	17	23	33	28	0	41	28	
57	60	47	77	24	46	74	39	41	0	13	
44	47	40	64	11	33	61	38	28	13	0	
