n	10
m	11
j	a	b	d	k
0	55	83	7	1
1	88	53	50	7
2	89	55	90	10
3	35	40	91	7
4	56	80	84	5
5	100	30	88	3
6	40	48	48	11
7	1	32	65	9
8	71	88	79	5
9	83	15	71	3
K
0	22	6	50	33	48	37	6	46	17	31	
22	0	26	48	55	34	47	28	68	39	53	
6	26	0	54	39	52	41	2	52	23	37	
50	48	54	0	39	14	13	56	44	53	19	
33	55	39	39	0	37	26	37	13	16	20	
48	34	52	14	37	0	13	54	42	51	19	
37	47	41	13	26	13	0	43	31	40	6	
6	28	2	56	37	54	43	0	50	21	37	
46	68	52	44	13	42	31	50	0	29	25	
17	39	23	53	16	51	40	21	29	0	34	
31	53	37	19	20	19	6	37	25	34	0	
