n	10
m	11
j	a	b	d	k
0	7	35	38	9
1	5	15	41	2
2	25	34	28	2
3	46	31	80	6
4	64	61	15	3
5	69	6	80	7
6	29	56	17	6
7	6	57	99	8
8	67	57	46	7
9	2	90	95	7
K
0	33	28	42	8	55	25	46	24	19	23	
33	0	27	17	27	30	18	13	17	52	10	
28	27	0	44	20	57	27	22	26	47	21	
42	17	44	0	44	13	17	22	18	45	23	
8	27	20	44	0	57	27	38	26	27	21	
55	30	57	13	57	0	30	35	31	36	36	
25	18	27	17	27	30	0	31	1	34	8	
46	13	22	22	38	35	31	0	30	65	23	
24	17	26	18	26	31	1	30	0	35	7	
19	52	47	45	27	36	34	65	35	0	42	
23	10	21	23	21	36	8	23	7	42	0	
