n	10
m	11
j	a	b	d	k
0	5	30	15691	8
1	41	60	24645	2
2	2	22	32533	5
3	78	89	4191	9
4	59	16	17537	8
5	95	64	7305	3
6	26	19	29142	8
7	22	30	27059	10
8	69	23	11002	6
9	71	32	31744	1
K
0	27	22	32	36	33	46	32	8	60	21
27	0	5	43	9	18	25	31	33	33	28
22	5	0	40	14	15	28	28	28	38	23
32	43	40	0	48	55	68	12	38	32	43
36	9	14	48	0	27	20	36	42	24	37
33	18	15	55	27	0	19	43	25	51	12
46	25	28	68	20	19	0	56	38	36	29
32	31	28	12	36	43	56	0	38	28	33
8	33	28	38	42	25	38	38	0	66	13
60	33	38	32	24	51	36	28	66	0	61
21	28	23	43	37	12	29	33	13	61	0
