n	10
m	11
j	a	b	d	k
0	4	54	61	6
1	44	32	9	8
2	70	74	57	4
3	45	44	36	8
4	48	3	78	3
5	94	51	20	2
6	9	34	40	9
7	39	10	29	6
8	89	43	61	6
9	84	57	25	8
K
0	30	22	62	52	51	75	61	12	31	32	
30	0	20	32	32	39	45	31	26	3	16	
22	20	0	52	42	41	65	51	26	21	22	
62	32	52	0	16	23	13	7	50	31	30	
52	32	42	16	0	7	23	9	40	29	20	
51	39	41	23	7	0	24	16	39	36	23	
75	45	65	13	23	24	0	14	63	44	43	
61	31	51	7	9	16	14	0	49	30	29	
12	26	26	50	40	39	63	49	0	23	20	
31	3	21	31	29	36	44	30	23	0	13	
32	16	22	30	20	23	43	29	20	13	0	
