n	10
m	11
j	a	b	d	k
0	98	25	809	0
1	98	25	43	1
2	98	25	633	1
3	98	25	727	0
4	98	25	272	6
5	98	25	493	1
6	98	25	222	10
7	98	25	633	0
8	98	25	201	5
9	98	25	968	8
K
0	38	29	34	28	4	34	45	34	41	14
38	0	13	24	16	34	10	23	14	23	52
29	13	0	23	17	25	23	16	5	30	43
34	24	23	0	8	36	20	33	24	7	34
28	16	17	8	0	30	12	27	18	13	36
4	34	25	36	30	0	36	41	30	43	18
34	10	23	20	12	36	0	33	24	19	48
45	23	16	33	27	41	33	0	11	40	59
34	14	5	24	18	30	24	11	0	31	48
41	23	30	7	13	43	19	40	31	0	41
14	52	43	34	36	18	48	59	48	41	0
