n	10
m	11
j	a	b	d	k
0	11	15	774	7
1	11	15	757	0
2	11	15	594	8
3	11	15	864	0
4	11	15	828	3
5	11	15	787	4
6	11	15	283	6
7	11	15	989	3
8	11	15	924	0
9	11	15	1	1
K
0	23	48	40	48	34	33	52	29	24	31
23	0	25	19	25	11	50	31	34	33	30
48	25	0	24	4	14	75	38	59	58	55
40	19	24	0	24	18	51	14	35	34	31
48	25	4	24	0	14	75	38	59	58	55
34	11	14	18	14	0	61	30	45	44	41
33	50	75	51	75	61	0	37	16	17	20
52	31	38	14	38	30	37	0	23	28	21
29	34	59	35	59	45	16	23	0	5	4
24	33	58	34	58	44	17	28	5	0	7
31	30	55	31	55	41	20	21	4	7	0
