n	10
m	11
j	a	b	d	k
0	89	50	61	8
1	71	48	36	4
2	13	20	52	8
3	64	84	29	9
4	8	28	46	7
5	56	15	18	11
6	36	24	86	4
7	90	97	31	10
8	3	74	63	1
9	75	75	77	8
K
0	24	24	40	54	21	28	17	34	19	33
24	0	38	64	40	45	52	41	58	39	57
24	38	0	40	78	23	50	31	52	15	33
40	64	40	0	58	19	30	23	32	25	11
54	40	78	58	0	55	28	47	26	73	47
21	45	23	19	55	0	27	8	29	18	12
28	52	50	30	28	27	0	19	6	45	19
17	41	31	23	47	8	19	0	21	26	16
34	58	52	32	26	29	6	21	0	47	21
19	39	15	25	73	18	45	26	47	0	26
33	57	33	11	47	12	19	16	21	26	0
