n	10
m	11
j	a	b	d	k
0	15	4	5	8
1	58	36	61	7
2	13	69	20	2
3	1	49	62	9
4	76	66	90	4
5	28	95	18	6
6	50	32	85	6
7	21	73	84	3
8	87	79	87	6
9	6	11	64	9
K
0	22	10	49	28	47	55	42	11	29	41
22	0	28	67	34	25	49	58	15	47	59
10	28	0	45	32	51	59	46	21	19	31
49	67	45	0	33	46	18	9	60	46	38
28	34	32	33	0	19	27	24	27	33	25
47	25	51	46	19	0	28	37	40	52	44
55	49	59	18	27	28	0	13	48	60	52
42	58	46	9	24	37	13	0	51	47	39
11	15	21	60	27	40	48	51	0	40	52
29	47	19	46	33	52	60	47	40	0	12
41	59	31	38	25	44	52	39	52	12	0
