n	10
m	11
j	a	b	d	k
0	58	4	71	8
1	45	79	76	8
2	90	69	97	3
3	76	80	14	9
4	51	22	64	4
5	47	84	91	2
6	44	62	47	5
7	79	59	48	9
8	96	75	66	9
9	84	28	91	1
K
0	37	53	58	45	19	39	43	32	40	51
37	0	34	39	8	36	44	32	59	11	22
53	34	0	5	42	60	14	10	25	25	22
58	39	5	0	47	65	19	15	26	30	27
45	8	42	47	0	36	52	40	67	17	22
19	36	60	65	36	0	46	50	41	47	58
39	44	14	19	52	46	0	12	15	35	32
43	32	10	15	40	50	12	0	27	23	20
32	59	25	26	67	41	15	27	0	50	47
40	11	25	30	17	47	35	23	50	0	11
51	22	22	27	22	58	32	20	47	11	0
