n	10
m	11
j	a	b	d	k
0	83	57	60	5
1	44	76	44	3
2	88	23	49	5
3	68	52	48	5
4	76	48	2	4
5	70	46	78	3
6	67	63	35	6
7	96	62	21	3
8	100	11	3	1
9	25	76	49	10
K
0	35	37	18	27	11	64	74	46	32	33
35	0	34	17	30	40	29	39	21	3	18
37	34	0	33	64	48	43	53	25	33	16
18	17	33	0	31	23	46	56	28	14	17
27	30	64	31	0	24	45	55	51	31	48
11	40	48	23	24	0	69	79	51	37	38
64	29	43	46	45	69	0	10	30	32	31
74	39	53	56	55	79	10	0	32	42	41
46	21	25	28	51	51	30	32	0	20	13
32	3	33	14	31	37	32	42	20	0	17
33	18	16	17	48	38	31	41	13	17	0
