n	10
m	11
j	a	b	d	k
0	73	83	52	5
1	51	25	4	6
2	3	89	51	9
3	35	71	49	5
4	33	29	71	1
5	84	95	26	9
6	29	87	50	2
7	19	85	45	9
8	94	53	62	10
9	17	72	12	11
K
0	37	38	30	38	19	18	52	47	37	47	
37	0	27	27	13	36	37	73	16	2	52	
38	27	0	8	14	19	20	46	11	25	25	
30	27	8	0	14	11	12	46	17	25	25	
38	13	14	14	0	23	24	60	9	11	39	
19	36	19	11	23	0	1	37	28	34	28	
18	37	20	12	24	1	0	36	29	35	29	
52	73	46	46	60	37	36	0	57	71	21	
47	16	11	17	9	28	29	57	0	14	36	
37	2	25	25	11	34	35	71	14	0	50	
47	52	25	25	39	28	29	21	36	50	0	
