n	10
m	11
j	a	b	d	k
0	47	60	16	3
1	55	86	49	2
2	90	48	6	11
3	100	63	30	2
4	94	51	6	4
5	32	25	12	10
6	4	29	43	8
7	2	64	22	9
8	69	91	51	8
9	93	91	26	1
K
0	28	10	24	31	22	8	3	34	13	17
28	0	38	52	25	18	20	27	18	25	45
10	38	0	14	41	28	18	11	44	13	21
24	52	14	0	55	34	32	25	58	27	21
31	25	41	55	0	41	25	30	7	28	48
22	18	28	34	41	0	16	25	34	35	27
8	20	18	32	25	16	0	9	26	19	25
3	27	11	25	30	25	9	0	33	10	18
34	18	44	58	7	34	26	33	0	31	51
13	25	13	27	28	35	19	10	31	0	28
17	45	21	21	48	27	25	18	51	28	0
