n	10
m	11
j	a	b	d	k
0	36	51	849	9
1	21	66	1015	0
2	7	19	784	7
3	31	99	895	3
4	13	1	1100	5
5	60	17	839	6
6	88	18	884	8
7	8	68	277	4
8	62	49	852	10
9	58	37	154	1
K
0	24	36	29	15	49	19	14	39	52	14
24	0	22	53	23	25	31	24	21	28	14
36	22	0	31	21	47	17	22	3	50	30
29	53	31	0	30	78	22	29	32	81	43
15	23	21	30	0	48	8	1	24	51	13
49	25	47	78	48	0	56	49	46	25	35
19	31	17	22	8	56	0	7	20	59	21
14	24	22	29	1	49	7	0	25	52	14
39	21	3	32	24	46	20	25	0	49	33
52	28	50	81	51	25	59	52	49	0	38
14	14	30	43	13	35	21	14	33	38	0
