n	10
m	11
j	a	b	d	k
0	85	68	332	10
1	85	68	269	9
2	85	68	544	3
3	85	68	150	8
4	85	68	130	3
5	85	68	729	8
6	85	68	803	0
7	85	68	217	4
8	85	68	221	4
9	85	68	763	4
K
0	19	37	22	42	18	26	36	20	27	49
19	0	48	33	53	19	21	47	31	28	60
37	48	0	21	35	29	27	29	19	28	12
22	33	21	0	20	14	12	14	2	7	27
42	53	35	20	0	34	32	6	22	25	37
18	19	29	14	34	0	8	28	12	9	41
26	21	27	12	32	8	0	26	10	7	39
36	47	29	14	6	28	26	0	16	19	31
20	31	19	2	22	12	10	16	0	9	29
27	28	28	7	25	9	7	19	9	0	32
49	60	12	27	37	41	39	31	29	32	0
