n	10
m	11
j	a	b	d	k
0	30	12	392	5
1	16	31	270	7
2	50	72	397	6
3	44	34	458	9
4	4	37	312	6
5	27	70	215	3
6	48	19	53	0
7	92	12	324	1
8	45	65	168	5
9	31	84	350	10
K
0	29	38	62	70	21	36	49	19	36	47
29	0	23	41	49	18	35	28	28	15	18
38	23	0	24	32	35	12	21	45	28	41
62	41	24	0	28	59	26	29	69	36	49
70	49	32	28	0	67	34	21	77	34	47
21	18	35	59	67	0	33	46	10	33	26
36	35	12	26	34	33	0	33	43	40	53
49	28	21	29	21	46	33	0	56	13	26
19	28	45	69	77	10	43	56	0	43	30
36	15	28	36	34	33	40	13	43	0	13
47	18	41	49	47	26	53	26	30	13	0
