n	10
m	11
j	a	b	d	k
0	26	38	45	9
1	72	30	65	11
2	32	96	11	10
3	91	47	23	3
4	32	93	29	8
5	85	27	87	2
6	16	89	35	5
7	76	80	25	7
8	75	11	84	10
9	6	79	91	3
K
0	38	44	42	57	27	41	53	48	41	25
38	0	22	54	19	23	59	45	40	3	27
44	22	0	60	13	29	65	41	46	25	33
42	54	60	0	73	31	5	19	14	57	27
57	19	13	73	0	42	78	54	59	18	46
27	23	29	31	42	0	36	26	21	26	4
41	59	65	5	78	36	0	24	19	62	32
53	45	41	19	54	26	24	0	5	48	28
48	40	46	14	59	21	19	5	0	43	23
41	3	25	57	18	26	62	48	43	0	30
25	27	33	27	46	4	32	28	23	30	0
