n	10
m	11
j	a	b	d	k
0	16	94	646	2
1	82	39	304	1
2	91	25	395	7
3	2	2	844	6
4	57	56	932	8
5	100	78	417	10
6	95	87	499	4
7	62	96	306	3
8	10	29	754	7
9	88	61	483	3
K
0	32	8	21	38	3	8	13	46	32	1
32	0	24	49	20	35	34	19	20	42	31
8	24	0	25	30	11	10	5	38	30	7
21	49	25	0	55	24	29	30	63	47	22
38	20	30	55	0	41	40	25	8	22	37
3	35	11	24	41	0	5	16	49	35	4
8	34	10	29	40	5	0	15	48	40	7
13	19	5	30	25	16	15	0	33	29	12
46	20	38	63	8	49	48	33	0	22	45
32	42	30	47	22	35	40	29	22	0	33
1	31	7	22	37	4	7	12	45	33	0
