n	10
m	11
j	a	b	d	k
0	53	64	469	9
1	25	89	28	4
2	31	95	456	2
3	26	92	602	6
4	94	63	991	8
5	81	60	176	7
6	90	58	225	8
7	58	12	156	0
8	84	18	950	2
9	5	47	184	6
K
0	32	40	39	4	54	49	32	27	34	62
32	0	42	67	28	64	47	20	33	10	38
40	42	0	25	42	22	9	22	13	34	32
39	67	25	0	41	15	20	47	34	59	57
4	28	42	41	0	56	51	34	29	36	64
54	64	22	15	56	0	17	44	31	56	54
49	47	9	20	51	17	0	27	22	39	37
32	20	22	47	34	44	27	0	13	12	30
27	33	13	34	29	31	22	13	0	25	35
34	10	34	59	36	56	39	12	25	0	28
62	38	32	57	64	54	37	30	35	28	0
