n	10
m	11
j	a	b	d	k
0	64	67	84	10
1	23	15	84	3
2	34	63	72	5
3	3	63	65	10
4	6	46	11	8
5	20	100	97	7
6	5	21	0	3
7	56	46	21	0
8	41	46	20	10
9	65	37	1	1
K
0	47	31	39	10	36	19	49	32	55	13
47	0	58	12	37	35	60	4	25	28	54
31	58	0	46	25	23	12	60	33	38	18
39	12	46	0	33	23	48	14	13	16	42
10	37	25	33	0	30	23	39	26	49	17
36	35	23	23	30	0	25	37	10	19	23
19	60	12	48	23	25	0	62	35	40	6
49	4	60	14	39	37	62	0	27	24	56
32	25	33	13	26	10	35	27	0	23	29
55	28	38	16	49	19	40	24	23	0	42
13	54	18	42	17	23	6	56	29	42	0
