n	10
m	11
j	a	b	d	k
0	9	25	89	9
1	45	39	35	1
2	59	89	39	7
3	5	59	9	3
4	67	14	62	0
5	87	55	51	7
6	92	93	99	5
7	11	61	27	4
8	74	71	61	10
9	81	42	75	10
K
0	21	42	46	34	16	28	36	42	16	23
21	0	21	25	43	19	7	45	25	33	44
42	21	0	12	54	30	14	56	36	54	65
46	25	12	0	42	30	18	44	24	58	69
34	43	54	42	0	24	40	4	18	50	55
16	19	30	30	24	0	16	26	26	28	39
28	7	14	18	40	16	0	42	22	40	51
36	45	56	44	4	26	42	0	20	52	51
42	25	36	24	18	26	22	20	0	54	65
16	33	54	58	50	28	40	52	54	0	19
23	44	65	69	55	39	51	51	65	19	0
