n	10
m	11
j	a	b	d	k
0	28	54	25	10
1	41	52	83	5
2	62	24	5	5
3	31	63	19	1
4	3	11	14	2
5	93	100	2	5
6	83	47	33	1
7	22	40	13	5
8	11	58	12	10
9	88	44	90	9
K
0	18	19	15	19	25	8	57	5	38	26	
18	0	17	19	23	43	26	61	23	46	30	
19	17	0	34	38	26	13	76	20	57	45	
15	19	34	0	8	36	21	42	16	39	11	
19	23	38	8	0	28	25	38	18	31	7	
25	43	26	36	28	0	17	64	20	45	33	
8	26	13	21	25	17	0	63	7	44	32	
57	61	76	42	38	64	63	0	56	19	31	
5	23	20	16	18	20	7	56	0	37	25	
38	46	57	39	31	45	44	19	37	0	32	
26	30	45	11	7	33	32	31	25	32	0	
