n	10
m	11
j	a	b	d	k
0	94	22	63	0
1	51	54	29	3
2	29	45	33	3
3	8	58	44	10
4	5	59	17	3
5	52	47	55	5
6	25	19	60	0
7	18	46	3	0
8	5	58	39	3
9	31	29	59	0
K
0	36	25	21	17	28	30	22	34	16	26
36	0	61	57	19	18	44	38	28	52	62
25	61	0	14	42	53	37	29	35	19	17
21	57	14	0	38	49	51	43	31	33	5
17	19	42	38	0	13	41	33	23	33	43
28	18	53	49	13	0	54	46	18	44	54
30	44	37	51	41	54	0	8	64	18	54
22	38	29	43	33	46	8	0	56	14	46
34	28	35	31	23	18	64	56	0	46	36
16	52	19	33	33	44	18	14	46	0	36
26	62	17	5	43	54	54	46	36	36	0
