n	10
m	11
j	a	b	d	k
0	88	5	3	3
1	95	45	83	6
2	48	56	50	4
3	63	29	73	6
4	7	57	16	11
5	68	65	7	9
6	92	2	75	3
7	30	72	72	6
8	10	95	67	5
9	83	91	35	11
K
0	64	21	19	41	7	17	33	37	55	17	
64	0	71	45	29	57	47	31	27	19	71	
21	71	0	26	48	16	24	40	44	62	4	
19	45	26	0	44	12	20	14	28	36	26	
41	29	48	44	0	36	24	30	16	14	48	
7	57	16	12	36	0	12	26	30	48	14	
17	47	24	20	24	12	0	16	20	38	24	
33	31	40	14	30	26	16	0	14	22	40	
37	27	44	28	16	30	20	14	0	18	44	
55	19	62	36	14	48	38	22	18	0	62	
17	71	4	26	48	14	24	40	44	62	0	
