n	10
m	11
j	a	b	d	k
0	99	96	239	2
1	99	96	611	1
2	99	96	74	9
3	99	96	382	8
4	99	96	906	9
5	99	96	341	7
6	99	96	840	1
7	99	96	955	8
8	99	96	124	0
9	99	96	625	7
K
0	14	31	20	27	58	47	23	22	21	9
14	0	25	14	13	52	33	9	36	15	13
31	25	0	11	34	27	28	28	41	10	22
20	14	11	0	23	38	39	17	30	11	11
27	13	34	23	0	61	20	6	49	24	26
58	52	27	38	61	0	41	55	42	37	49
47	33	28	39	20	41	0	24	69	28	46
23	9	28	17	6	55	24	0	45	18	22
22	36	41	30	49	42	69	45	0	41	23
21	15	10	11	24	37	28	18	41	0	18
9	13	22	11	26	49	46	22	23	18	0
